906	10	921	1	21	2026-01-14 02:50:09
907	10	922	1	22	2026-01-14 02:50:09
908	10	923	1	23	2026-01-14 02:50:09
909	10	924	1	24	2026-01-14 02:50:09
910	10	925	1	25	2026-01-14 02:50:09
912	10	931	1	31	2026-01-14 02:50:09
913	10	932	1	32	2026-01-14 02:50:09
914	10	933	1	33	2026-01-14 02:50:09
915	10	934	1	34	2026-01-14 02:50:09
916	10	935	1	35	2026-01-14 02:50:09
972	10	100016	0	101	2026-01-14 03:07:15
973	10	100017	0	102	2026-01-14 03:07:15
974	10	100008	0	101	2026-01-14 03:07:15
975	10	100018	0	103	2026-01-14 03:07:15
976	10	100010	0	103	2026-01-14 03:07:15
978	10	100015	0	104	2026-01-14 03:07:15
980	10	100009	0	102	2026-01-14 03:07:15
981	10	100011	0	104	2026-01-14 03:07:15
982	10	100013	0	102	2026-01-14 03:07:15
